10.698707957860236
10.079112642526518
5.4313821436596825
4.741897422845625
3.1225752335799886
1.9617459443025442
1.4482990686051789
1.4482990686051789
1.4482990686051789
1.4482990686051789
1.4482990686051789
1.4482990686051789
1.4482990686051789
1.4482990686051789
1.4482990686051789
1.4482990686051789
1.4482990686051789
1.4482990686051789
1.4482990686051789
1.4482990686051789
1.4482990686051789
1.4482990686051789
1.4482990686051789
1.4482990686051789
1.4482990686051789
1.4482990686051789
1.4482990686051789
1.4482990686051789
1.4482990686051789
1.4482990686051789
1.4482990686051789
1.4482990686051789
1.4482990686051789
1.4482990686051789
1.4482990686051789
1.4482990686051789
1.4482990686051789
1.4482990686051789
1.4482990686051789
1.4482990686051789
1.4482990686051789
1.4482990686051789
1.4482990686051789
1.4482990686051789
1.4482990686051789
1.4482990686051789
1.4482990686051789
1.4482990686051789
1.4482990686051789
1.4482990686051789
1.4482990686051789
1.4482990686051789
1.4482990686051789
1.4482990686051789
1.4482990686051789
1.4482990686051789
1.4482990686051789
1.4482990686051789
1.4482990686051789
1.4482990686051789
1.4482990686051789
1.4482990686051789
1.4482990686051789
1.4482990686051789
1.4482990686051789
1.4482990686051789
1.4482990686051789
1.4482990686051789
1.4482990686051789
1.4482990686051789
1.4482990686051789
1.4482990686051789
1.4482990686051789
1.4482990686051789
1.4482990686051789
1.4482990686051789
1.4482990686051789
1.4482990686051789
1.4482990686051789
1.4482990686051789
1.4482990686051789
1.4482990686051789
1.4482990686051789
1.4482990686051789
1.4482990686051789
1.4482990686051789
1.4482990686051789
1.4482990686051789
1.4482990686051789
1.4482990686051789
1.4482990686051789
1.4482990686051789
1.4482990686051789
1.4482990686051789
1.4482990686051789
1.4482990686051789
1.4482990686051789
1.4482990686051789
1.4482990686051789
1.4482990686051789
1.4482990686051789
1.4482990686051789
1.4482990686051789
1.4482990686051789
1.4482990686051789
1.4482990686051789
1.4482990686051789
1.4482990686051789
1.4482990686051789
1.4482990686051789
1.4482990686051789
1.4482990686051789
1.4482990686051789
1.4482990686051789
1.4482990686051789
1.4482990686051789
1.4482990686051789
1.4482990686051789
1.4482990686051789
1.4482990686051789
1.4482990686051789
1.4482990686051789
1.4482990686051789
1.4482990686051789
1.4482990686051789
1.4482990686051789
1.4482990686051789
1.4482990686051789
1.4482990686051789
1.4482990686051789
1.4482990686051789
1.4482990686051789
1.4482990686051789
1.4482990686051789
1.4482990686051789
1.4482990686051789
1.4482990686051789
1.4482990686051789
1.4482990686051789
1.4482990686051789
1.4482990686051789
1.4482990686051789
1.4482990686051789
1.4482990686051789
1.4482990686051789
1.4482990686051789
1.4482990686051789
1.4482990686051789
1.4482990686051789
1.4482990686051789
1.4482990686051789
1.4482990686051789
1.4482990686051789
1.4482990686051789
1.4482990686051789
1.4482990686051789
1.4482990686051789
1.4482990686051789
1.4482990686051789
1.4482990686051789
1.4482990686051789
1.4482990686051789
1.4482990686051789
1.4482990686051789
1.4482990686051789
1.4482990686051789
1.4482990686051789
1.4482990686051789
1.4482990686051789
1.4482990686051789
1.4482990686051789
1.4482990686051789
1.4482990686051789
1.4482990686051789
1.4482990686051789
1.4482990686051789
1.4482990686051789
1.4482990686051789
1.4482990686051789
1.4482990686051789
1.4482990686051789
1.4482990686051789
1.4482990686051789
1.4482990686051789
1.4482990686051789
1.4482990686051789
1.4482990686051789
1.4482990686051789
1.4482990686051789
1.4482990686051789
1.4482990686051789
1.4482990686051789
1.4482990686051789
1.4482990686051789
1.4482990686051789
1.4482990686051789
1.4482990686051789
1.4482990686051789
1.4482990686051789
1.4482990686051789
