1.4922090248552706	1.1301954975672714	8.076303435437694
0.9908161601487393	0.16463449641560146	8.923661985962177
0.5080760190233491	0.014490954533233236	4.9088151701031
0.7840953218124298	0.34067949982285484	3.6171226012103403
0.7036291518243445	0.01705062471998353	2.4018954570356605
0.2398497287320822	0.10290635029185502	1.618989865278607
0.21784586648163895	0.10290635029185502	1.127546851831685
1.6598322451319802	0.8066722495478942	3.4800261204790743
1.9629541884046944	0.802343445425997	3.637319496584297
1.014971881301392	0.7042816229222524	6.083795773783958
0.30056222287893775	0.9816836366840498	6.614130426081655
1.9019657807734518	1.052156148887434	6.902173633901931
1.9019657807734518	1.052156148887434	6.902173633901931
1.9019657807734518	1.052156148887434	6.902173633901931
0.7890639450270385	1.1313431368203908	8.320065827382539
0.7890639450270385	1.1313431368203908	8.320065827382539
0.2984376815824419	1.1280613074409231	8.753055876933704
0.2984376815824419	1.1280613074409231	8.753055876933704
0.8041702086911755	1.1280613074409231	9.346791996844335
0.701999624544527	0.9514658689264301	9.346791996844335
0.701999624544527	0.9514658689264301	9.346791996844335
1.0077841093454651	0.9514658689264301	9.485075635127682
1.0077841093454651	0.9514658689264301	9.485075635127682
1.8631209256256227	1.7084520267769001	9.879217381092854
1.9903306749934586	1.8600545836539837	9.845760876187338
1.9903306749934586	1.8600545836539837	9.845760876187338
1.246593287268837	3.026512723492168	11.084813397580277
1.3338726853687888	3.026512723492168	11.353999362946453
1.3338726853687888	3.026512723492168	11.353999362946453
1.546818855877632	3.004533721653342	11.67944928482175
1.546818855877632	3.004533721653342	11.67944928482175
1.4633038456915415	2.8820181687847004	11.429587917344627
1.4633038456915415	2.8820181687847004	11.429587917344627
1.4633038456915415	2.8820181687847004	11.429587917344627
1.2979682776640402	2.955416044139607	11.391469522625144
1.2979682776640402	2.955416044139607	11.391469522625144
1.2979682776640402	2.955416044139607	11.391469522625144
1.9461330647896204	3.182695459654692	11.266429674472604
1.9461330647896204	3.182695459654692	11.266429674472604
1.8598926933163114	3.017325385742133	10.964003094942427
0.46470578607414836	2.6845371253981583	12.38753565731708
0.49326894646063124	2.8056363023767723	12.327994828366883
0.0459287770164849	3.4543431288178077	19.251942456248276
1.8819510342792398	3.372551729070935	19.178744034688034
1.8819510342792398	3.372551729070935	19.178744034688034
1.4156280773777894	4.7497969598839305	19.394276238547217
1.4283946334856807	4.779016178011631	19.394276238547217
1.4283946334856807	4.779016178011631	19.394276238547217
1.6827995530601925	5.013555831463901	12.162950202308743
1.6827995530601925	5.013555831463901	12.162950202308743
1.4765329542048846	5.105414413042379	12.192853439300961
1.104220798489962	5.105414413042379	12.59526473204155
1.454189637760777	5.124445818781336	13.26202280882925
1.410668463185118	5.124445818781336	13.454751149772527
0.19966185136198078	5.224445185836775	13.744071404168096
0.8589970616533833	5.364530775740871	13.987756414366224
1.3587330080584366	5.5784462243632085	14.191381043023583
1.3587330080584366	5.5784462243632085	14.191381043023583
1.3587330080584366	5.5784462243632085	14.191381043023583
1.3587330080584366	5.5784462243632085	14.191381043023583
0.4107919422975499	5.5784462243632085	13.551310093961444
0.4107919422975499	5.5784462243632085	13.551310093961444
0.4107919422975499	5.5784462243632085	13.551310093961444
0.810598593043693	5.310100973209316	12.579081373828249
1.1309563311934596	5.3988916224761745	12.335866612217021
1.1309563311934596	5.3988916224761745	12.335866612217021
1.0480783776635008	5.4010857557138365	12.3868295941983
0.9953613722259149	5.447104030806994	12.487920680586857
1.710435359335861	5.7514472856699115	12.470993365797863
1.8800284846285535	5.7514472856699115	12.628946363296716
1.8800284846285535	5.7514472856699115	12.628946363296716
1.9835781052486823	5.668006187342595	12.656803835117973
0.32832446692333406	5.726501702256531	12.693110297847138
0.32832446692333406	5.726501702256531	12.693110297847138
0.5209507413472352	5.868339353163336	12.693110297847138
0.5209507413472352	5.868339353163336	12.693110297847138
0.5209507413472352	5.868339353163336	12.693110297847138
1.8845150742430121	5.995893842504781	11.758547495376444
1.572250101799142	5.476676260639259	24.887796782122194
1.572250101799142	5.476676260639259	24.887796782122194
1.8584102257322854	5.509833411277288	24.032693628406896
1.8584102257322854	5.509833411277288	24.032693628406896
1.8584102257322854	5.509833411277288	24.032693628406896
1.855724153048385	6.204414174032754	22.41009874088139
1.3066280274264415	6.312784339552314	22.102492359969457
1.3066280274264415	6.312784339552314	22.102492359969457
1.630696598363997	6.312784339552314	22.40530231754345
1.630696598363997	6.312784339552314	22.40530231754345
1.630696598363997	6.312784339552314	22.40530231754345
0.5070970067946803	5.061274605160774	22.642014942193935
0.5070970067946803	5.061274605160774	22.642014942193935
1.0051591009761296	5.302035977919166	22.911518221916932
1.8325796763671036	5.302035977919166	23.14196949658349
1.8325796763671036	5.302035977919166	23.14196949658349
1.1812509791589747	5.356149301414645	22.877989117193852
1.0172487220859807	5.246830327829917	22.359682454465297
0.9446773840984264	5.271207491579007	22.414757883722185
0.9446773840984264	5.271207491579007	22.414757883722185
0.9446773840984264	5.271207491579007	22.414757883722185
1.0704335666550833	5.248394876003557	22.413500871994298
1.919469711244659	5.021578436867474	20.801177499778582
0.978094874733273	5.082279952618515	20.46804175504758
1.163579406631328	5.16105459136133	20.08360298335647
1.163579406631328	5.16105459136133	20.08360298335647
1.163579406631328	5.16105459136133	20.08360298335647
1.3421282629878988	5.16841605938003	20.85058405259418
0.7798574853635216	5.16841605938003	20.29270750180453
0.7798574853635216	5.16841605938003	20.29270750180453
0.7798574853635216	5.16841605938003	20.29270750180453
0.787830444186028	5.16841605938003	20.304977771451348
0.7954893038987763	5.16841605938003	20.156927109712207
0.7954893038987763	5.16841605938003	20.156927109712207
0.947439704756377	5.16841605938003	20.34053628047605
0.947439704756377	5.16841605938003	20.34053628047605
0.9259354975653622	5.173693034415221	20.34053628047605
1.8935686456410679	5.263281689046519	20.1615035884814
1.8935686456410679	5.263281689046519	20.1615035884814
1.776430206444843	5.226187922879511	20.1615035884814
1.6070947089532979	5.186877157793276	20.08363003888206
1.4047485617259952	5.186877157793276	20.083138038027368
1.4047485617259952	5.186877157793276	20.083138038027368
1.4047485617259952	5.186877157793276	20.083138038027368
1.0793318914283674	5.6071428302082165	22.855613020334726
1.0793318914283674	5.6071428302082165	22.855613020334726
1.4905197209552625	5.6071428302082165	22.32627287701126
1.4905197209552625	5.6071428302082165	22.32627287701126
0.976760011409894	5.6071428302082165	22.171553894234695
0.9747151229988731	5.6071428302082165	22.1797478798086
1.9344741422669642	5.570170541510288	24.396400858420556
0.2845485257855671	5.268096752531321	24.96015082520813
0.2845485257855671	5.268096752531321	24.96015082520813
0.2845485257855671	5.268096752531321	24.96015082520813
1.7222118734382832	5.073339030002275	24.69416912785909
1.7809115107720856	4.883810499489583	24.43639525915891
1.7809115107720856	4.883810499489583	24.43639525915891
1.7809115107720856	4.883810499489583	24.43639525915891
1.474789560969171	5.021961350141824	24.20347672171255
1.464293071439286	5.0241395228518275	24.20347672171255
1.464293071439286	5.0241395228518275	24.20347672171255
1.5949057175414794	4.991806826554926	24.20347672171255
1.5949057175414794	4.991806826554926	24.20347672171255
1.5949057175414794	4.991806826554926	24.20347672171255
1.3924761197773279	4.951395368220011	25.209560311767365
1.1709037277255447	4.901625817713748	25.001058162566718
1.1709037277255447	4.901625817713748	25.001058162566718
1.136225634338075	4.901625817713748	24.638166041664174
1.136225634338075	4.901625817713748	24.638166041664174
1.1252436736023412	4.901625817713748	24.61927785001021
1.1252436736023412	4.901625817713748	24.61927785001021
1.786838633299169	3.364518568383378	21.01594636572009
0.7210646651274573	3.3549478385542617	21.364454007956322
0.7210646651274573	3.3549478385542617	21.364454007956322
0.5879403090095252	4.38407564885412	23.344497211067125
0.5879403090095252	4.38407564885412	23.344497211067125
0.5177237911771186	5.421020048784889	24.808100721717267
0.5177237911771186	5.421020048784889	24.808100721717267
0.5177237911771186	5.421020048784889	24.808100721717267
1.0147543387079025	5.421020048784889	25.6022600703365
1.7058035882913174	5.451712887238283	24.8802607957399
1.7058035882913174	5.451712887238283	24.8802607957399
1.7058035882913174	5.451712887238283	24.8802607957399
1.7058035882913174	5.451712887238283	24.8802607957399
1.7058035882913174	5.451712887238283	24.8802607957399
1.6946925216196718	5.489121023069991	24.8802607957399
1.6946925216196718	5.489121023069991	24.8802607957399
1.6946925216196718	5.489121023069991	24.8802607957399
1.9835204487226292	5.16571720899902	24.1461478394093
1.7903572873049711	5.16571720899902	24.242809135957533
1.6323636956283707	5.487132112593912	25.827440218211194
1.6323636956283707	5.487132112593912	25.827440218211194
0.9523139621297503	5.673755171273504	26.43295437773959
1.8527760305425005	5.8647290390068765	22.919183637524593
1.8142995683050742	5.8647290390068765	22.753180317029813
1.1478567980205696	5.8417286512030895	22.067069107290852
1.825379567968156	5.652553505441803	21.567333806014762
1.825379567968156	5.652553505441803	21.567333806014762
1.825379567968156	5.652553505441803	21.567333806014762
1.825379567968156	5.652553505441803	21.567333806014762
1.825379567968156	5.652553505441803	21.567333806014762
1.825379567968156	5.652553505441803	21.567333806014762
1.8697615097050146	5.677824269962853	21.567333806014762
1.4354950809463531	5.677824269962853	20.67226639814613
1.9798974685439106	5.61606804794153	21.339238332895082
1.9798974685439106	5.61606804794153	21.339238332895082
1.9798974685439106	5.61606804794153	21.339238332895082
1.9798974685439106	5.61606804794153	21.339238332895082
0.6839026666408756	5.63058534942334	20.57840140078238
0.6839026666408756	5.63058534942334	20.57840140078238
0.6782054010036802	5.63058534942334	20.567765612971943
0.8705286067680902	5.63058534942334	20.657905835884346
0.8747913794302207	5.63058534942334	20.944669849415984
0.8747913794302207	5.63058534942334	20.944669849415984
0.9574442846735849	5.63058534942334	20.94100911679141
1.7095150055552608	5.647612325802184	20.87797750692873
1.863312884598244	6.961220787639139	22.944180618708625
1.4888081528363273	6.74945587641905	22.23943209439668
1.4888081528363273	6.74945587641905	22.23943209439668
1.3019345952343002	6.74945587641905	22.322868698215228
1.3019345952343002	6.74945587641905	22.322868698215228
1.9123064028248393	6.611668210830542	21.860442901351615
