8.690326949413302
8.162090595553531
7.550250862699881
7.334342766583477
6.937538144126927
6.937538144126927
6.937538144126927
6.937538144126927
6.937538144126927
6.937538144126927
6.937538144126927
6.937538144126927
6.937538144126927
6.937538144126927
6.937538144126927
6.937538144126927
6.937538144126927
6.937538144126927
6.937538144126927
6.937538144126927
6.937538144126927
6.937538144126927
6.937538144126927
6.937538144126927
6.937538144126927
6.937538144126927
6.937538144126927
6.937538144126927
6.937538144126927
6.937538144126927
6.937538144126927
6.937538144126927
6.937538144126927
6.937538144126927
6.937538144126927
6.937538144126927
6.937538144126927
6.937538144126927
6.937538144126927
6.937538144126927
6.937538144126927
6.937538144126927
6.937538144126927
6.937538144126927
6.937538144126927
6.937538144126927
6.937538144126927
6.937538144126927
6.937538144126927
6.937538144126927
6.937538144126927
6.937538144126927
6.937538144126927
6.937538144126927
6.937538144126927
6.937538144126927
6.937538144126927
6.937538144126927
6.937538144126927
6.937538144126927
6.937538144126927
6.937538144126927
6.937538144126927
6.937538144126927
6.937538144126927
6.937538144126927
6.937538144126927
6.937538144126927
6.937538144126927
6.937538144126927
6.937538144126927
6.937538144126927
6.937538144126927
6.937538144126927
6.937538144126927
6.937538144126927
6.937538144126927
6.937538144126927
6.937538144126927
6.937538144126927
6.937538144126927
6.937538144126927
6.937538144126927
6.937538144126927
6.937538144126927
6.937538144126927
6.937538144126927
6.937538144126927
6.937538144126927
6.937538144126927
6.937538144126927
6.937538144126927
6.937538144126927
6.937538144126927
6.937538144126927
6.937538144126927
6.937538144126927
6.937538144126927
6.937538144126927
6.937538144126927
6.937538144126927
6.937538144126927
6.937538144126927
6.937538144126927
6.937538144126927
6.937538144126927
6.937538144126927
6.937538144126927
6.937538144126927
6.937538144126927
6.937538144126927
6.937538144126927
6.937538144126927
6.937538144126927
6.937538144126927
6.937538144126927
6.937538144126927
6.937538144126927
6.937538144126927
6.937538144126927
6.937538144126927
6.937538144126927
6.937538144126927
6.937538144126927
6.937538144126927
6.937538144126927
6.937538144126927
6.937538144126927
6.937538144126927
6.937538144126927
6.937538144126927
6.937538144126927
6.937538144126927
6.937538144126927
6.937538144126927
6.937538144126927
6.937538144126927
6.937538144126927
6.937538144126927
6.937538144126927
6.937538144126927
6.937538144126927
6.937538144126927
6.937538144126927
6.937538144126927
6.9130830943863195
6.9130830943863195
6.9130830943863195
6.9130830943863195
6.9130830943863195
6.9130830943863195
6.9130830943863195
6.9130830943863195
6.9130830943863195
6.9130830943863195
6.9130830943863195
6.9130830943863195
6.9130830943863195
6.8234554363267375
6.776998077040645
6.379086566455708
5.934230453045592
4.514740114803802
4.514740114803802
4.514740114803802
4.514740114803802
4.514740114803802
4.514740114803802
4.514740114803802
4.514740114803802
4.514740114803802
4.514740114803802
4.514740114803802
4.514740114803802
4.514740114803802
4.514740114803802
4.514740114803802
4.514740114803802
4.514740114803802
4.514740114803802
4.514740114803802
4.514740114803802
4.514740114803802
4.514740114803802
4.514740114803802
4.514740114803802
4.514740114803802
4.514740114803802
4.514740114803802
4.514740114803802
4.514740114803802
4.514740114803802
4.514740114803802
4.514740114803802
4.514740114803802
4.514740114803802
4.514740114803802
4.514740114803802
4.514740114803802
4.514740114803802
