0.24306626603255665	6.970435787138479	1.4768248962422668
0.09335913878345536	7.651782063237663	0.41694939353241267
0.15491931057479746	7.046726751175802	0.3486048009492819
0.026499072787729006	6.742837944000575	0.5650057497951728
0.19285971339287755	6.275910256294866	0.46876817443918384
0.9554544168151722	8.145565579793919	8.590194245071764
1.0116426807146013	8.191067500655093	8.825630098448208
1.6081681233418124	8.029080958805357	11.671997708335468
0.8994152763223155	9.290474269558425	13.014897134242883
1.7749859701875437	9.518709515253475	13.77499666573431
1.7749859701875437	9.518709515253475	13.77499666573431
1.5005527234906708	11.23070858192402	13.396668871605812
1.2997941409677196	11.11623588326395	13.349666792089867
1.2997941409677196	11.11623588326395	13.349666792089867
1.2997941409677196	11.11623588326395	13.349666792089867
1.2997941409677196	11.11623588326395	13.349666792089867
0.03126460934288389	11.11623588326395	13.198609173850723
1.74132228428644	11.141653256049306	13.17735152759921
0.21415647313759223	11.141653256049306	13.244492761267939
1.4879944819267905	11.308380292220583	14.569524578014676
1.698928693982623	11.15346173988842	14.14244128474741
1.698928693982623	11.15346173988842	14.14244128474741
1.698928693982623	11.15346173988842	14.14244128474741
1.394187823566483	11.133166581504451	15.160531315644494
0.6315173135507735	10.599196886292113	15.68269769197532
0.9321202733350731	10.599196886292113	16.08582851814989
0.9321202733350731	10.599196886292113	16.08582851814989
0.9321202733350731	10.599196886292113	16.08582851814989
1.0911261503774483	10.734532388125427	16.09993357202263
1.0911261503774483	10.734532388125427	16.09993357202263
1.289229331394921	11.091384462590778	17.611155534347812
1.148370734352909	11.340270964521817	17.256708108932205
1.148370734352909	11.340270964521817	17.256708108932205
1.1230370950233919	11.36338036976695	16.864006394722868
0.6291634917392059	11.543864403871098	16.396426961821614
1.4478135078566652	11.263337597765386	14.667130191000886
1.4478135078566652	11.263337597765386	14.667130191000886
1.4478135078566652	11.263337597765386	14.667130191000886
1.074334041680487	11.625278273512365	14.96784491778299
1.7692108650093417	11.431391395165125	16.231429609991878
1.6380436667512015	11.345359054927577	16.361121885707234
1.9510544920852055	10.942437837402444	15.826191899431308
1.9350721470662506	11.503536821836782	16.0899801571718
1.9350721470662506	11.503536821836782	16.0899801571718
0.808836127622186	12.308567031307184	17.23734738546558
0.808836127622186	12.308567031307184	17.23734738546558
0.6813633443519223	12.330065052797327	17.299510357047016
0.6813633443519223	12.330065052797327	17.299510357047016
1.9582239079773274	12.352963962514401	17.45736179378307
1.7393692799465725	12.21422197274546	17.703814311940466
1.7393692799465725	12.21422197274546	17.703814311940466
1.8211149088818672	12.47386596731059	17.683156581037135
1.981980433817057	11.761762591875666	17.56162193804756
1.981980433817057	11.761762591875666	17.56162193804756
1.9897200159257977	11.766018339988609	17.5695675447898
1.9897200159257977	11.766018339988609	17.5695675447898
1.7779764906336482	11.989073484088454	17.381077615750254
1.7779764906336482	11.989073484088454	17.381077615750254
1.150849861068707	10.876037910161184	17.15309776194671
1.150849861068707	10.876037910161184	17.15309776194671
1.150849861068707	10.876037910161184	17.15309776194671
1.150849861068707	10.876037910161184	17.15309776194671
1.724055120001026	10.997180395539882	17.049187191469983
1.771183839037576	11.553214599147527	16.671248034005774
1.771183839037576	11.553214599147527	16.671248034005774
0.9415365077746856	11.565355535126944	16.845470672912686
1.170620407785151	11.511846632919717	16.84760761481117
1.278605008595406	11.799769447933748	16.84760761481117
1.278605008595406	11.799769447933748	16.84760761481117
1.278605008595406	11.799769447933748	16.84760761481117
1.278605008595406	11.799769447933748	16.84760761481117
0.9616736335122766	11.760543219483512	16.84760761481117
0.9616736335122766	11.760543219483512	16.84760761481117
1.2512007654804336	11.498901662311145	16.84760761481117
0.7174419722232415	11.178225486266047	16.537834001417703
0.7174419722232415	11.178225486266047	16.537834001417703
0.3547823566256909	11.17253194109632	16.622287500031018
0.3547823566256909	11.17253194109632	16.622287500031018
0.2426049563265451	11.17253194109632	16.69595320137157
0.2426049563265451	11.17253194109632	16.69595320137157
0.2426049563265451	11.17253194109632	16.69595320137157
1.9763644909165805	11.059571397409766	17.16935084961892
0.6182125305247155	11.059571397409766	17.446971131845995
0.6182125305247155	11.059571397409766	17.446971131845995
1.7694354024255574	11.24082719921999	17.530978047336173
0.7152999059032652	10.714394754460198	17.29526982724939
1.787699411922972	10.6922139663872	17.29526982724939
1.787699411922972	10.6922139663872	17.29526982724939
1.787699411922972	10.6922139663872	17.29526982724939
1.787699411922972	10.6922139663872	17.29526982724939
1.169167324686839	10.42227455440096	17.633472761281148
1.2226199235099386	10.66790052792043	17.43023707753332
1.6020641924959875	10.625807905677213	17.795254372098583
1.4414194775119995	10.625807905677213	17.646828347986464
0.8319464384480568	10.541793424716897	17.994070025777045
1.5019895307424633	10.540434899670178	17.996408212918812
0.9183695431302681	10.540434899670178	17.704878530780416
1.9098100788148145	10.434430438382151	18.163121695350522
1.9098100788148145	10.434430438382151	18.163121695350522
1.9098100788148145	10.434430438382151	18.163121695350522
1.9098100788148145	10.434430438382151	18.163121695350522
1.9098100788148145	10.434430438382151	18.163121695350522
0.14272241078174375	10.276798544020036	18.163121695350522
0.6025821300301004	10.124309312960623	18.244311251881935
1.3421433445584796	10.271087128602115	18.101289625026965
1.2510133126772587	10.612448698336777	18.91906743792612
0.8818110434789901	10.57915254803758	18.87523739620264
1.0835913442060132	10.372343271310935	18.538656203405925
0.7246589364061435	10.665170114150449	19.242755226182485
0.6229198012005668	10.638037893185079	19.242755226182485
1.174622362524758	10.766786677773808	19.070917889996
1.174622362524758	10.766786677773808	19.070917889996
1.174622362524758	10.766786677773808	19.070917889996
1.529509218023577	10.766786677773808	19.664586532748462
1.529509218023577	10.766786677773808	19.664586532748462
1.5277035405526362	10.766786677773808	19.65068848950254
1.5277035405526362	10.766786677773808	19.65068848950254
1.857814812668778	10.768854449655812	19.1144018022914
1.186473308023011	10.749359666887738	18.887502881135166
1.186473308023011	10.749359666887738	18.887502881135166
1.186473308023011	10.749359666887738	18.887502881135166
1.186473308023011	10.749359666887738	18.887502881135166
1.186473308023011	10.749359666887738	18.887502881135166
1.186473308023011	10.749359666887738	18.887502881135166
1.186473308023011	10.749359666887738	18.887502881135166
1.186473308023011	10.749359666887738	18.887502881135166
0.15881003283220707	11.127510935550653	19.05614974885911
1.59145187459589	11.027333661999904	19.290482163179437
1.4573163652148935	11.374378949379448	19.157212716715907
1.243844161779208	11.533048813169124	19.157212716715907
1.243844161779208	11.533048813169124	19.157212716715907
1.8716986557261919	11.236450839346187	19.094618436145627
1.8716986557261919	11.236450839346187	19.094618436145627
0.6983620639586263	10.863866084926876	19.096709523228885
0.6504750182942303	10.848900147373335	18.72154247536952
0.6504750182942303	10.848900147373335	18.72154247536952
1.6673783300309708	10.405575764759543	18.37323943723639
1.5936698085178307	10.412819179445655	18.398125843743582
1.7852520223837303	10.566952626096043	18.703872752531947
1.3585726538021845	11.001060227879158	18.879701906075066
1.6909272395087953	11.001060227879158	18.966805223973832
1.9263990433965148	11.116535355453745	19.130992404831314
1.5421132805805655	11.168918206490368	18.369232357556964
1.5421132805805655	11.168918206490368	18.369232357556964
1.5421132805805655	11.168918206490368	18.369232357556964
0.2522767893468938	6.259396135356511	0.4014101696829151
1.9746152981836218	8.542111819116595	7.639198813587683
1.0184899276210615	9.185828877661473	13.575903541052316
0.5573547943027393	9.8028441959804	13.366155762160428
0.5589330703562894	9.313922525250462	15.827129940613418
0.5605384717841275	9.31384323299714	15.827129940613418
0.5605384717841275	9.31384323299714	15.827129940613418
1.5867305040158328	9.381541470551586	16.010769021327206
0.20471387917604034	9.320772240787608	18.42484502138313
0.20471387917604034	9.320772240787608	18.42484502138313
0.20471387917604034	9.320772240787608	18.42484502138313
0.20471387917604034	9.320772240787608	18.42484502138313
1.3598449134107966	9.181932578975232	20.034983418486473
0.4282861706590637	6.191493564758874	0.20367570090879994
0.5339917654174684	5.590527114684583	0.652479196938593
1.0251176804000721	5.274119625240424	0.07984926081521238
1.4983205482110122	3.7666455189362917	0.6692643858982876
0.9366565004268779	2.902029128442015	0.6760544859349089
1.468534168882485	6.680073355746954	8.328234643382718
1.4601464634813794	6.680073355746954	8.572185824981258
1.4601464634813794	6.680073355746954	8.572185824981258
1.6213135895145	5.928960931038219	7.673469279187362
1.6213135895145	5.928960931038219	7.673469279187362
1.2001245163664862	6.767325563662956	8.9577300943501
1.0432058461025804	7.158757720018622	9.055937411256455
1.345574146537075	6.088753832184853	7.717854149391673
1.466858338356957	6.088753832184853	7.899329496583892
1.466858338356957	6.088753832184853	7.899329496583892
1.452481187476053	6.017394407834544	9.478746674938886
1.6963946685819735	7.093491396423557	11.951432437854724
1.140298753766956	7.1426913220262005	12.020259357315108
0.5443242028648569	7.072114187224782	15.016225245240594
0.7048166564074734	7.3088744069579885	15.175064352194834
0.7048166564074734	7.3088744069579885	15.175064352194834
0.8500131982357004	7.016522569035031	14.102645315589388
0.34573466239902473	7.230786942583245	14.102645315589388
0.6242261446540169	6.752084398053565	18.00889051423845
0.6200170079993086	6.752084398053565	17.958709286388025
1.9744596376994537	6.304946232949096	17.845237869846766
0.17322041102639218	5.368251824472697	15.955966263965475
0.17322041102639218	5.368251824472697	15.955966263965475
0.17322041102639218	5.368251824472697	15.955966263965475
0.17322041102639218	5.368251824472697	15.955966263965475
0.17322041102639218	5.368251824472697	15.955966263965475
0.9281996556030379	5.991399724958917	15.946834329046556
0.9281996556030379	5.991399724958917	15.946834329046556
0.2662776019437558	6.441113559436555	15.817622224622614
1.4076119168547905	7.57049320525884	15.668663949497816
1.2471833612681564	7.57049320525884	15.792857769214894
1.2471833612681564	7.57049320525884	15.792857769214894
1.6680483082270428	7.895341985076405	15.556046071197034
0.591216085983973	7.0110604488507775	17.373099587885424
1.0124718491151157	8.735097674752692	17.174129940303796
1.0124718491151157	8.735097674752692	17.174129940303796
1.0124718491151157	8.735097674752692	17.174129940303796
