2.7909067875216103
1.563492396444552
0.570653956633528
0.570653956633528
0.4326112710789154
0.4326112710789154
0.4326112710789154
0.4326112710789154
0.4326112710789154
0.4326112710789154
0.4326112710789154
0.4326112710789154
0.4326112710789154
0.4326112710789154
0.4326112710789154
0.4326112710789154
0.4326112710789154
0.4326112710789154
0.4326112710789154
0.4326112710789154
0.4326112710789154
0.4326112710789154
0.4326112710789154
0.4326112710789154
0.4326112710789154
0.4326112710789154
0.4326112710789154
0.4326112710789154
0.4326112710789154
0.4326112710789154
0.4326112710789154
0.4326112710789154
0.4326112710789154
0.4326112710789154
0.4326112710789154
0.4326112710789154
0.4326112710789154
0.4326112710789154
0.4326112710789154
0.4326112710789154
0.4326112710789154
0.4326112710789154
0.4326112710789154
0.4326112710789154
0.4326112710789154
0.4326112710789154
0.4326112710789154
0.4326112710789154
0.4326112710789154
0.4326112710789154
0.4326112710789154
0.4326112710789154
0.4326112710789154
0.4326112710789154
0.4326112710789154
0.4326112710789154
0.4326112710789154
0.4326112710789154
0.4326112710789154
0.4326112710789154
0.4326112710789154
0.4326112710789154
0.4326112710789154
0.4326112710789154
0.4326112710789154
0.4326112710789154
0.4326112710789154
0.4326112710789154
0.4326112710789154
0.4326112710789154
0.4326112710789154
0.4326112710789154
0.4326112710789154
0.4326112710789154
0.4326112710789154
0.4326112710789154
0.4326112710789154
0.4326112710789154
0.4326112710789154
0.4326112710789154
0.4326112710789154
0.4326112710789154
0.4326112710789154
0.4326112710789154
0.4326112710789154
0.4326112710789154
0.4326112710789154
0.4326112710789154
0.4326112710789154
0.4326112710789154
0.4326112710789154
0.4326112710789154
0.4326112710789154
0.4326112710789154
0.4326112710789154
0.4326112710789154
0.4326112710789154
0.4326112710789154
0.4326112710789154
0.4326112710789154
0.4326112710789154
0.4326112710789154
0.4326112710789154
0.4326112710789154
0.4326112710789154
0.4326112710789154
0.4326112710789154
0.4326112710789154
0.4326112710789154
0.4326112710789154
0.4326112710789154
0.4326112710789154
0.4326112710789154
0.4326112710789154
0.4326112710789154
0.4326112710789154
0.4326112710789154
0.4326112710789154
0.4326112710789154
0.4326112710789154
0.4326112710789154
0.4326112710789154
0.4326112710789154
0.4326112710789154
0.4326112710789154
0.4326112710789154
0.4326112710789154
0.4326112710789154
0.4326112710789154
0.4326112710789154
0.4326112710789154
0.4326112710789154
0.4326112710789154
0.4326112710789154
0.4326112710789154
0.4326112710789154
0.4326112710789154
0.4326112710789154
0.4326112710789154
0.4326112710789154
0.4326112710789154
0.4326112710789154
0.4326112710789154
0.4326112710789154
0.4326112710789154
0.4326112710789154
0.4326112710789154
0.4326112710789154
0.3094786159082048
0.3094786159082048
0.3094786159082048
0.3094786159082048
0.3094786159082048
0.3094786159082048
0.3094786159082048
0.3094786159082048
0.3094786159082048
0.3094786159082048
0.3094786159082048
0.3094786159082048
0.3094786159082048
0.3094786159082048
0.3094786159082048
0.3094786159082048
0.3094786159082048
0.3094786159082048
0.3094786159082048
0.3094786159082048
0.3094786159082048
0.3094786159082048
0.3094786159082048
0.3094786159082048
0.3094786159082048
0.3094786159082048
0.3094786159082048
0.3094786159082048
0.3094786159082048
0.3094786159082048
0.3094786159082048
0.3094786159082048
0.3094786159082048
0.3094786159082048
0.3094786159082048
0.3094786159082048
0.3094786159082048
0.3094786159082048
0.3094786159082048
0.3094786159082048
0.3094786159082048
0.3094786159082048
0.3094786159082048
0.3094786159082048
0.3094786159082048
0.3094786159082048
0.3094786159082048
0.3094786159082048
0.3094786159082048
0.3094786159082048
0.3094786159082048
0.3094786159082048
