0.32247279157806474	0.49513736493424787	1.9732966310092976
0.6390176065381752	0.20262914955879907	0.7218456403475777
0.1942234246298824	0.2541601166794969	0.12227041532414873
1.584264879566291	1.2481370209114715	8.14929651078132
0.1390284137220874	0.24620002216706638	0.04738283518976161
1.9446794799301585	2.105312617397818	9.538362043874717
1.2583724840240222	1.6181488356143916	13.772213491850561
0.930690373887785	2.834135708835529	13.772213491850561
0.930690373887785	2.834135708835529	13.772213491850561
1.4090470118202916	2.968549867782812	13.388431490437874
1.3087826680133787	3.3632723627772663	13.690757979414936
1.450836259459038	3.3440810769355096	13.804828300829772
1.450836259459038	3.3440810769355096	13.804828300829772
0.15923256125412877	3.6830503411190705	13.128401545561708
0.6103047430952984	2.5546868391908646	14.344216395486999
0.6103047430952984	2.5546868391908646	14.344216395486999
0.6103047430952984	2.5546868391908646	14.344216395486999
1.3392594435863145	2.5682879709700295	15.21208071754835
1.3392594435863145	2.5682879709700295	15.21208071754835
1.085321120045819	3.002215361948238	15.21208071754835
1.8601529694590226	3.061463045806665	15.46294296295682
1.5670475324996573	3.4256708357989005	15.496610848057767
0.6366360822260333	4.739534041937226	15.504914171049275
1.6576236552869261	7.237637770993672	15.13068948712976
1.6576236552869261	7.237637770993672	15.13068948712976
1.6576236552869261	7.237637770993672	15.13068948712976
1.6630834705762538	7.237637770993672	15.12957369160971
0.3723691820712247	7.220179629330882	15.628441661069363
0.3723691820712247	7.220179629330882	15.628441661069363
0.3569073706959216	7.222386859816954	15.158716135370437
0.3569073706959216	7.222386859816954	15.158716135370437
0.5019671073782774	7.206527821825809	15.158716135370437
0.5194087939113956	7.081394834890357	16.611319037116242
0.7805154425072374	4.43798685101822	16.739945071093718
1.6198070575682095	4.705558912968108	16.824727792042413
1.7101430099001789	4.705558912968108	16.854838966697397
1.7101430099001789	4.705558912968108	16.854838966697397
0.5358836486910263	6.545652694050208	16.827745248862062
1.6242070243756643	7.42291987992397	16.669090295824407
1.6242070243756643	7.42291987992397	16.669090295824407
1.6242070243756643	7.42291987992397	16.669090295824407
1.6242070243756643	7.42291987992397	16.669090295824407
1.6242070243756643	7.42291987992397	16.669090295824407
1.3901361462692137	7.546342353983512	16.604538526983806
1.3901361462692137	7.546342353983512	16.604538526983806
1.3901361462692137	7.546342353983512	16.604538526983806
1.3901361462692137	7.546342353983512	16.604538526983806
0.643900557300924	7.030519776976014	15.822511778831245
0.643900557300924	7.030519776976014	15.822511778831245
1.4680013839826813	6.608079806106229	15.347117879261088
1.9393655230904585	6.608079806106229	15.522984427344856
0.794523125241966	7.821362781848986	15.522984427344856
0.7410928464466053	7.3623905702862835	16.205833151041045
0.7410928464466053	7.3623905702862835	16.205833151041045
0.7410928464466053	7.3623905702862835	16.205833151041045
0.7410928464466053	7.3623905702862835	16.205833151041045
0.7410928464466053	7.3623905702862835	16.205833151041045
1.9765152956662462	5.613095590368001	16.16641232975857
1.3637483492161948	6.47528139529998	16.165945655344668
1.3637483492161948	6.47528139529998	16.165945655344668
1.3637483492161948	6.47528139529998	16.165945655344668
1.3637483492161948	6.47528139529998	16.165945655344668
1.0949399783012552	6.602532168742094	16.167074968915703
1.0949399783012552	6.602532168742094	16.167074968915703
1.0949399783012552	6.602532168742094	16.167074968915703
1.8805041292404496	8.72021870872259	16.038608549296487
0.21204020955997294	8.417997418044688	16.047203933534103
0.21204020955997294	8.417997418044688	16.047203933534103
0.21204020955997294	8.417997418044688	16.047203933534103
0.21204020955997294	8.417997418044688	16.047203933534103
0.21204020955997294	8.417997418044688	16.047203933534103
0.21204020955997294	8.417997418044688	16.047203933534103
0.2128187586780541	8.415879817870433	16.047203933534103
1.5141497942391027	9.130546940223233	15.211607680821675
1.5141497942391027	9.130546940223233	15.211607680821675
1.5141497942391027	9.130546940223233	15.211607680821675
0.14535157538458066	9.98877235723296	14.525832566207765
1.4873765475333585	9.761302403142267	15.481052070729799
1.7030285610922533	9.893596667914267	15.00080306536088
0.2203673569336786	9.893596667914267	15.33637849523127
0.2203673569336786	9.893596667914267	15.33637849523127
1.948848826810348	10.421575534511028	15.21136393116264
1.948848826810348	10.421575534511028	15.21136393116264
1.7260543307616558	10.458457616889604	15.21408646891511
0.6323667388454339	12.734976422011329	17.005694652585017
0.6323667388454339	12.734976422011329	17.005694652585017
1.8276021803039555	12.930085213574507	17.754770227016525
1.8276021803039555	12.930085213574507	17.754770227016525
1.1843909602746976	13.248068029208625	17.754770227016525
1.1843909602746976	13.248068029208625	17.754770227016525
0.3788286280168336	13.989729776983516	15.886269767865524
0.3788286280168336	13.989729776983516	15.886269767865524
1.922911424952673	16.314819027042823	15.344869754854233
1.922911424952673	16.314819027042823	15.344869754854233
1.922911424952673	16.314819027042823	15.344869754854233
1.3914116245049115	16.312530156193738	14.802945639310547
1.7212801338538668	17.237552079581945	14.821390429691196
1.7212801338538668	17.237552079581945	14.821390429691196
1.7212801338538668	17.237552079581945	14.821390429691196
1.7212801338538668	17.237552079581945	14.821390429691196
1.7212801338538668	17.237552079581945	14.821390429691196
1.7296388972875718	17.22580849493722	14.821390429691196
1.6949539231994493	17.16484574605157	14.821390429691196
1.6580799362100151	17.113759235750408	14.917584037681213
1.6580799362100151	17.113759235750408	14.917584037681213
1.3898304323290347	17.415972163986318	14.917584037681213
0.18220870964711366	18.00839235781436	15.073329593707452
0.18220870964711366	18.00839235781436	15.073329593707452
0.18220870964711366	18.00839235781436	15.073329593707452
0.18220870964711366	18.00839235781436	15.073329593707452
0.18220870964711366	18.00839235781436	15.073329593707452
0.8205375978006089	19.040470194012975	14.917584037681213
1.062131865222483	18.839950914584776	15.028074506229355
0.14125265564226197	18.995863741934514	14.754025609913608
0.12357615435806224	18.994370793473564	14.751828872544127
0.12357615435806224	18.994370793473564	14.751828872544127
0.12357615435806224	18.994370793473564	14.751828872544127
0.12357615435806224	18.994370793473564	14.751828872544127
1.1260042420612706	19.24806996055377	13.177587828417941
1.7051326793487647	20.702452397958524	13.357836455951507
0.9257244955824149	21.762567743910722	13.515902073609087
1.0541803625727653	22.33707125365392	13.338138426718821
1.133548601252869	22.463562665202577	13.338138426718821
1.8332296894167257	22.463562665202577	13.213332627331113
1.8332296894167257	22.463562665202577	13.213332627331113
1.8332296894167257	22.463562665202577	13.213332627331113
0.8560463112096386	22.42461679481988	13.212144221357278
0.8560463112096386	22.42461679481988	13.212144221357278
0.8560463112096386	22.42461679481988	13.212144221357278
0.8560463112096386	22.42461679481988	13.212144221357278
1.7570614363338848	22.11049444586984	15.091775408528957
1.7570614363338848	22.11049444586984	15.091775408528957
1.7570614363338848	22.11049444586984	15.091775408528957
6.412285333971539	21.754190247604562	15.6905894260472
5.087298290547693	21.391272608736223	15.6905894260472
5.087298290547693	21.391272608736223	15.6905894260472
1.2632917212205825	20.690208470547425	11.973847824478106
1.2632917212205825	20.690208470547425	11.973847824478106
0.47653528066183526	20.145813857054456	11.973847824478106
0.47653528066183526	20.145813857054456	11.973847824478106
0.03217904040718622	21.01127439795947	14.0610674650144
0.07131924840010129	21.01127439795947	14.007470493500872
0.7242986250776937	21.01127439795947	14.438797940669861
0.6883332916320626	20.97062173401448	14.438797940669861
1.2918822067907172	21.295849848345576	12.419353655023585
1.2918822067907172	21.295849848345576	12.419353655023585
1.3367054127741937	21.294705149260338	12.430901193758192
1.3367054127741937	21.294705149260338	12.430901193758192
0.19361875428521103	0.11573620156408992	0.00012366005890385168
1.039267136967993	2.2041779622490907	9.007184905410817
1.8802170956818713	4.732776436062441	12.565994136538961
1.1703394401269236	7.095635745088298	14.187739773899764
1.1703394401269236	7.095635745088298	14.187739773899764
0.2839582048070213	7.547962646275181	13.422877365414728
1.271783021790469	7.508558481416262	13.06493294525708
0.927241641396364	5.5555133343364815	13.068321517676065
1.2725462925816657	5.675861503868358	13.233278781631416
1.2060067852713416	5.668703062669042	13.259108643943936
1.2060067852713416	5.668703062669042	13.259108643943936
1.2429488284649892	5.668703062669042	13.266024364541583
1.2429488284649892	5.668703062669042	13.266024364541583
1.2140593660808747	5.644375619432402	13.862795948362898
1.2140593660808747	5.644375619432402	13.862795948362898
1.2140593660808747	5.644375619432402	13.862795948362898
0.13117013858231985	3.690308130243295	13.89812390467867
0.13117013858231985	3.690308130243295	13.89812390467867
0.13117013858231985	3.690308130243295	13.89812390467867
0.13117013858231985	3.690308130243295	13.89812390467867
0.13117013858231985	3.690308130243295	13.89812390467867
0.13117013858231985	3.690308130243295	13.89812390467867
0.08904190208073715	3.690308130243295	13.885431270155124
1.5439388538085268	4.3125083069671355	13.910716063199601
1.6729042702494894	4.32371538161944	13.82706126662248
1.2852430144918685	5.011644870102014	13.840373759162727
1.3926834334999398	5.417087633545616	13.840951469212495
1.480506982230196	4.160709568354111	13.715392243550909
1.285012243580809	4.4618951517072745	14.480615706138494
1.2834386439743355	4.4618951517072745	14.484908466868966
0.7719063413601077	5.343195975018833	14.480277030244565
1.708507899626568	6.168292703644049	16.655380229276503
1.708507899626568	6.168292703644049	16.655380229276503
1.7803368247347464	6.28244317023556	16.873999524506296
1.8301673146867188	6.24229179949706	16.873999524506296
1.8301673146867188	6.24229179949706	16.873999524506296
1.8301673146867188	6.24229179949706	16.873999524506296
0.7778323516247951	7.534031964149165	16.873999524506296
1.4799583967501064	7.661332129729271	16.392072461326464
1.4799583967501064	7.661332129729271	16.392072461326464
0.00020688581449235244	7.746304620854961	16.392072461326464
0.00020688581449235244	7.746304620854961	16.392072461326464
0.00020688581449235244	7.746304620854961	16.392072461326464
0.18698498801344954	7.403173487902727	16.618284266410043
0.2919063360445193	7.678030586826797	16.618284266410043
0.2919063360445193	7.678030586826797	16.618284266410043
0.6479537232723374	7.51979322223816	16.618284266410043
1.4235482230538707	8.825449873793644	17.089073492505015
1.4235482230538707	8.825449873793644	17.089073492505015
0.9406918248406839	9.297797459383467	17.925950762175994
0.9406918248406839	9.297797459383467	17.925950762175994
1.8796413613341372	9.446151152832105	17.66740230799443
