24.093018670203357
21.338371765589553
19.258387456866828
18.186729945874713
15.990055715319672
15.990055715319672
14.986498565352715
14.578331225270581
13.99072786821495
11.929414320137127
11.705842351212436
11.277290761048125
11.006501700293589
10.788230679046695
9.922742761694298
9.922742761694298
9.922742761694298
9.922742761694298
9.922742761694298
9.922742761694298
9.922742761694298
9.922742761694298
9.922742761694298
9.922742761694298
9.922742761694298
9.922742761694298
9.922742761694298
9.922742761694298
9.922742761694298
9.922742761694298
9.922742761694298
9.922742761694298
9.922742761694298
9.922742761694298
9.922742761694298
9.922742761694298
9.922742761694298
9.922742761694298
9.922742761694298
9.922742761694298
9.922742761694298
9.922742761694298
9.922742761694298
9.922742761694298
9.922742761694298
9.922742761694298
9.922742761694298
9.922742761694298
9.922742761694298
9.922742761694298
9.922742761694298
9.922742761694298
9.922742761694298
9.922742761694298
9.922742761694298
9.922742761694298
9.922742761694298
9.922742761694298
9.922742761694298
9.922742761694298
9.922742761694298
9.922742761694298
9.922742761694298
9.922742761694298
9.922742761694298
9.922742761694298
9.922742761694298
9.922742761694298
9.922742761694298
9.922742761694298
9.922742761694298
9.922742761694298
9.922742761694298
9.922742761694298
9.922742761694298
9.922742761694298
9.922742761694298
9.922742761694298
9.922742761694298
9.922742761694298
9.922742761694298
9.922742761694298
9.922742761694298
9.922742761694298
9.922742761694298
9.922742761694298
9.922742761694298
9.922742761694298
9.922742761694298
9.922742761694298
9.922742761694298
9.922742761694298
9.922742761694298
9.922742761694298
9.922742761694298
9.922742761694298
9.922742761694298
9.922742761694298
9.922742761694298
9.922742761694298
9.922742761694298
9.922742761694298
9.922742761694298
9.922742761694298
9.922742761694298
9.922742761694298
9.922742761694298
9.922742761694298
9.922742761694298
9.922742761694298
9.922742761694298
9.922742761694298
9.922742761694298
9.922742761694298
9.922742761694298
9.922742761694298
9.922742761694298
9.922742761694298
9.922742761694298
9.922742761694298
9.922742761694298
9.922742761694298
9.922742761694298
9.922742761694298
9.922742761694298
9.922742761694298
9.922742761694298
9.922742761694298
9.922742761694298
9.922742761694298
9.922742761694298
9.922742761694298
9.922742761694298
9.922742761694298
9.922742761694298
9.922742761694298
9.922742761694298
9.922742761694298
9.922742761694298
9.922742761694298
9.922742761694298
9.922742761694298
9.922742761694298
9.922742761694298
9.922742761694298
9.922742761694298
9.922742761694298
9.922742761694298
9.922742761694298
9.922742761694298
9.922742761694298
9.922742761694298
9.922742761694298
9.922742761694298
9.922742761694298
9.922742761694298
9.922742761694298
9.922742761694298
9.922742761694298
9.922742761694298
9.922742761694298
9.922742761694298
9.922742761694298
9.922742761694298
9.922742761694298
9.922742761694298
9.922742761694298
9.922742761694298
9.922742761694298
9.922742761694298
9.922742761694298
9.922742761694298
9.922742761694298
9.922742761694298
9.922742761694298
9.922742761694298
9.922742761694298
9.922742761694298
9.922742761694298
9.922742761694298
9.922742761694298
9.922742761694298
9.922742761694298
9.922742761694298
9.922742761694298
9.922742761694298
9.922742761694298
9.922742761694298
9.922742761694298
9.922742761694298
9.922742761694298
9.922742761694298
9.922742761694298
9.922742761694298
9.922742761694298
9.922742761694298
9.922742761694298
9.922742761694298
9.922742761694298
9.922742761694298
