1.3294511799983013	7.541432509898229	15.222134980306826
0.2042560560591653	7.4971231009583015	13.636992608572086
0.09279915488957613	8.36538466778197	10.800203634195281
0.024150701437747557	7.3856394566136565	10.77693978782331
0.9477299028179971	5.7449533078953525	9.297372504606322
1.1556292158633426	6.403919927818322	10.336866555339178
0.5259959773452181	3.463251955771124	10.997250632236373
0.8145822761157433	5.588600717645747	8.175148231509091
1.893858829637196	3.9560990927847506	8.140769945793004
0.5412559253167615	4.2496926083128805	7.138465786507485
0.4588963304132676	3.9344136732303063	7.312532347568862
0.39174885265043713	3.9897769259037013	6.895764982493986
0.09759197702317124	4.568227915989317	6.340681807281101
0.02407920877803349	4.6327946481721405	6.131356822096521
0.10261331408011642	4.09422012000115	5.7259093276130315
0.18305013508347656	4.17470477333741	10.69493487682685
1.1562389316901829	4.11071112155377	9.742162520702156
1.1562389316901829	4.11071112155377	9.742162520702156
1.5481746704134878	4.11071112155377	10.693268978666094
1.5481746704134878	4.11071112155377	10.693268978666094
1.5481746704134878	4.11071112155377	10.693268978666094
1.5481746704134878	4.11071112155377	10.693268978666094
0.16705791060786623	4.029379630335111	10.800864685110565
0.16705791060786623	4.029379630335111	10.800864685110565
1.8626802918308556	4.151802352625385	11.011714703916862
1.8626802918308556	4.151802352625385	11.011714703916862
1.7530175174996714	5.044676028629556	11.070002564676063
1.7530175174996714	5.044676028629556	11.070002564676063
0.9902727917068148	5.320431359817398	10.863773257143695
1.1920352666598433	5.509881044734932	10.863773257143695
1.1810773566453463	5.509881044734932	10.880539378676456
0.6575021150877376	8.001291344268711	12.011486677298649
0.9878313691848177	8.98204083805016	12.011486677298649
0.9878313691848177	8.98204083805016	12.011486677298649
1.5155818262579714	8.38461552389991	14.74110582201731
1.3916225536374611	8.5331481643879	14.759171066671378
1.3916225536374611	8.5331481643879	14.759171066671378
1.875913977740879	8.582510341947653	14.966190741151799
1.875913977740879	8.582510341947653	14.966190741151799
1.8946949267614173	7.6209938714687695	14.605516415120242
1.960992102953412	8.060176671471844	14.311264364226865
1.1306748144076266	7.735363745372272	13.90740251677925
1.0803806274753356	7.560805209500895	14.028817808535884
1.8297201798067704	8.311672903245633	15.337706794650114
1.8297201798067704	8.311672903245633	15.337706794650114
1.8297201798067704	8.311672903245633	15.337706794650114
0.31158328402975144	8.092033667351703	15.499209907991766
0.31158328402975144	8.092033667351703	15.499209907991766
0.7943100876323683	8.035386388769076	16.10346145431937
0.7943100876323683	8.035386388769076	16.10346145431937
0.9517059882843455	8.035386388769076	16.418240697001426
0.8869961623013012	8.035386388769076	16.338347351311374
0.8869961623013012	8.035386388769076	16.338347351311374
0.8869961623013012	8.035386388769076	16.338347351311374
0.6103731749933843	8.12449463164629	16.338347351311374
1.4927151388088191	7.632593469028986	16.492204525907564
0.40231764120855473	7.482486896144888	16.570201013013506
0.40231764120855473	7.482486896144888	16.570201013013506
0.7690784161946169	7.482486896144888	16.796583365881826
0.7690784161946169	7.482486896144888	16.796583365881826
0.7690784161946169	7.482486896144888	16.796583365881826
1.2529967264014772	7.983587899327901	17.08416708980324
1.7023020550898593	8.181884832863823	16.970298714009164
1.381908196170059	8.818127522288798	16.97066517026072
1.381908196170059	8.818127522288798	16.97066517026072
0.15801646234308464	9.171605594640749	16.89529234957732
1.7020041829522938	9.171605594640749	16.387303359639102
0.03757061373801207	7.912425734594656	16.31994960519258
0.03757061373801207	7.912425734594656	16.31994960519258
0.03757061373801207	7.912425734594656	16.31994960519258
1.8198886045821894	7.923136956215931	16.085966823601982
1.1459030552353795	7.969810361278196	15.118369933479833
1.1459030552353795	7.969810361278196	15.118369933479833
1.0172418207203577	8.122958974528785	14.79859637254443
1.0172418207203577	8.122958974528785	14.79859637254443
0.41369576908897443	8.181291266668854	14.74676372929482
0.41369576908897443	8.181291266668854	14.74676372929482
0.41369576908897443	8.181291266668854	14.74676372929482
1.1094337352889454	9.575690604113468	14.997645545411938
0.9712563869875055	9.68916271422465	14.997645545411938
0.02267202987974315	10.491293132998106	14.075379372465196
1.7713881407658505	10.546375462613948	14.532111179963753
1.7713881407658505	10.546375462613948	14.532111179963753
0.6796591241209171	9.219218375489202	14.48604256770798
0.6796591241209171	9.219218375489202	14.48604256770798
1.0051011615599634	9.569279802719098	14.48604256770798
0.5395081188308666	9.888881511455395	14.530587610808084
0.48616300419553227	9.819597458398139	14.416133864039963
0.48616300419553227	9.819597458398139	14.416133864039963
0.48616300419553227	9.819597458398139	14.416133864039963
0.48616300419553227	9.819597458398139	14.416133864039963
0.7267150757311356	10.37213838501005	13.865925634620222
0.7267150757311356	10.37213838501005	13.865925634620222
0.4748539332031214	10.442828600530166	13.739879793991381
0.7438364109160034	10.442828600530166	13.860471650583204
0.7438364109160034	10.442828600530166	13.860471650583204
0.7438364109160034	10.442828600530166	13.860471650583204
0.7438364109160034	10.442828600530166	13.860471650583204
1.2050068885725977	10.573056683052343	14.547528400502582
1.2050068885725977	10.573056683052343	14.547528400502582
1.2050068885725977	10.573056683052343	14.547528400502582
1.1908881230885129	10.272157902629477	14.742118958958716
0.26821222412516477	9.834054300752353	15.341593127482213
0.26821222412516477	9.834054300752353	15.341593127482213
0.26821222412516477	9.834054300752353	15.341593127482213
1.1665853300163462	9.593054303881416	15.848825791975855
0.7638511304612337	9.179896038601978	15.722102790870949
1.5300624435095926	8.920573420467313	15.670451218871886
1.289035258565832	8.920573420467313	15.598456858861706
1.909240523375729	8.49512328621756	16.72406802196786
1.909240523375729	8.49512328621756	16.72406802196786
1.473253010249124	8.49512328621756	16.706684473765733
0.8982423336583167	8.49512328621756	17.00966585643757
0.8982423336583167	8.49512328621756	17.00966585643757
1.6333812757148394	9.788591236805718	16.95578002560688
1.6333812757148394	9.788591236805718	16.95578002560688
0.650589265520523	9.36267486629858	17.58335094313469
0.44235083434287503	9.257934444973888	17.86405711854149
0.44235083434287503	9.257934444973888	17.86405711854149
1.6011083102576436	10.18377733422751	17.70842943667338
1.6011083102576436	10.18377733422751	17.70842943667338
0.5378853299511377	9.764022094412773	17.833723000677033
0.7551666693305208	9.764022094412773	17.949627983768842
1.7572482009676946	10.059937882749377	18.116542902368224
1.0449559885893507	9.852436183799625	18.27067887014661
1.766140961291967	9.596340464901537	19.13894801102385
1.766140961291967	9.596340464901537	19.13894801102385
1.766140961291967	9.596340464901537	19.13894801102385
1.766140961291967	9.596340464901537	19.13894801102385
1.766140961291967	9.596340464901537	19.13894801102385
1.0978915782553997	9.558373070050493	19.257391697862957
1.333094014731131	9.591994123904122	19.257391697862957
1.4281737272013402	9.766251665154407	19.24011875092164
1.4281737272013402	9.766251665154407	19.24011875092164
1.4281737272013402	9.766251665154407	19.24011875092164
0.8413304713250795	9.766251665154407	19.30354555806148
0.8413304713250795	9.766251665154407	19.30354555806148
0.8413304713250795	9.766251665154407	19.30354555806148
0.8694995661826113	9.903874960905966	19.587493370905833
1.9146467485787468	10.518408228042595	19.54495216438731
1.1948276785048222	10.417857740893549	19.129653312554453
1.1948276785048222	10.417857740893549	19.129653312554453
1.1948276785048222	10.417857740893549	19.129653312554453
0.8205111252248116	10.173221635764698	19.525072712797957
0.8205111252248116	10.173221635764698	19.525072712797957
1.9609187863589739	10.387547838076923	19.60652883378925
1.2607673123345933	10.283910035075653	19.525072712797957
1.4931660659477473	10.157274285997218	19.525072712797957
1.456070588957715	10.14303704283471	19.607360356601404
1.456070588957715	10.14303704283471	19.607360356601404
0.7580895630780162	10.131914416231453	20.006423197356256
0.7580895630780162	10.131914416231453	20.006423197356256
1.3698671357900025	10.194312830044815	20.366825280788355
1.4857863060727539	10.070254639401686	20.614239988405814
1.1331797290494308	9.639368832957036	19.881297456694682
1.1331797290494308	9.639368832957036	19.881297456694682
0.8364641632933569	9.729608907020857	19.881297456694682
0.8364641632933569	9.729608907020857	19.881297456694682
0.6905815906977182	9.779748915808288	19.881297456694682
1.350917335374362	9.779748915808288	20.120693906519406
1.6082194051178647	9.742840136645789	20.34011147333105
1.6082194051178647	9.742840136645789	20.34011147333105
1.6082194051178647	9.742840136645789	20.34011147333105
1.2748005948450611	9.595725873790283	20.082404721872937
1.2748005948450611	9.595725873790283	20.082404721872937
0.966266167760665	9.913748803141907	19.99957741511393
0.966266167760665	9.913748803141907	19.99957741511393
0.5672583389725787	9.913748803141907	19.650521742323843
0.606354976554428	9.893312164102124	19.6703490453646
0.606354976554428	9.893312164102124	19.6703490453646
1.4007843582610064	9.924447934604625	19.67866247991367
1.4007843582610064	9.924447934604625	19.67866247991367
0.8049820201798923	9.842195686920451	19.660992237675735
0.8049820201798923	9.842195686920451	19.660992237675735
1.3974393108581182	10.036888010331236	19.660992237675735
1.0099003877525092	9.996668166388268	19.367193880383503
1.0099003877525092	9.996668166388268	19.367193880383503
1.0966484163780876	10.461141707890448	19.60522121734263
1.0966484163780876	10.461141707890448	19.60522121734263
1.0966484163780876	10.461141707890448	19.60522121734263
1.0966484163780876	10.461141707890448	19.60522121734263
1.0966484163780876	10.461141707890448	19.60522121734263
1.2493651087745832	9.497916525344944	19.673964227005918
0.372904378308931	9.372526571496262	19.705350625615136
0.372904378308931	9.372526571496262	19.705350625615136
1.8945599821709607	9.6678461520636	19.642753289870846
1.5117260587192334	10.096742913714664	19.481780470092545
0.7461590860752096	11.232125132819089	18.677897625659593
0.7461590860752096	11.232125132819089	18.677897625659593
0.7461590860752096	11.232125132819089	18.677897625659593
0.7461590860752096	11.232125132819089	18.677897625659593
0.7461590860752096	11.232125132819089	18.677897625659593
0.7461590860752096	11.232125132819089	18.677897625659593
1.1072912379075035	11.514148939534802	17.978200069872067
1.2487827050895532	11.729597575302531	17.978200069872067
1.2487827050895532	11.729597575302531	17.978200069872067
1.2487827050895532	11.729597575302531	17.978200069872067
0.6981478673606318	12.09593714626439	16.883173372053214
1.8557439314280373	12.014939908000745	16.935194268249575
1.0924788700207841	12.259385097677747	16.883173372053214
