10.181735053666413
9.05801569606866
7.0182761228219945
5.86533418250734
5.383446159495978
5.270513066638937
5.270513066638937
5.270513066638937
5.270513066638937
5.270513066638937
5.270513066638937
5.270513066638937
5.270513066638937
5.270513066638937
5.270513066638937
5.270513066638937
5.270513066638937
5.270513066638937
5.270513066638937
5.270513066638937
5.270513066638937
5.270513066638937
5.270513066638937
5.270513066638937
5.270513066638937
5.270513066638937
5.244637081243903
5.244637081243903
4.948830588236698
4.948830588236698
4.948830588236698
4.948830588236698
4.948830588236698
4.948830588236698
4.948830588236698
4.948830588236698
4.948830588236698
4.948830588236698
4.948830588236698
4.948830588236698
4.948830588236698
4.948830588236698
4.948830588236698
4.948830588236698
4.948830588236698
4.948830588236698
4.948830588236698
4.948830588236698
4.948830588236698
4.948830588236698
4.948830588236698
4.948830588236698
4.948830588236698
4.948830588236698
4.948830588236698
4.948830588236698
4.948830588236698
4.948830588236698
4.948830588236698
4.948830588236698
4.948830588236698
4.948830588236698
4.948830588236698
4.948830588236698
4.948830588236698
4.948830588236698
4.948830588236698
4.948830588236698
4.948830588236698
4.948830588236698
4.948830588236698
4.948830588236698
4.948830588236698
4.948830588236698
4.948830588236698
4.948830588236698
4.948830588236698
4.948830588236698
4.948830588236698
4.948830588236698
4.948830588236698
4.948830588236698
4.948830588236698
4.948830588236698
4.948830588236698
4.948830588236698
4.948830588236698
4.948830588236698
4.948830588236698
4.948830588236698
4.948830588236698
4.948830588236698
4.948830588236698
4.948830588236698
4.948830588236698
4.948830588236698
4.948830588236698
4.948830588236698
4.948830588236698
4.948830588236698
4.948830588236698
4.948830588236698
4.948830588236698
4.948830588236698
4.948830588236698
4.948830588236698
4.948830588236698
4.948830588236698
4.948830588236698
4.948830588236698
4.948830588236698
4.948830588236698
4.948830588236698
4.948830588236698
4.948830588236698
4.948830588236698
4.948830588236698
4.948830588236698
4.948830588236698
4.948830588236698
4.948830588236698
4.948830588236698
4.948830588236698
4.948830588236698
4.948830588236698
4.948830588236698
4.948830588236698
4.948830588236698
4.948830588236698
4.948830588236698
4.948830588236698
4.948830588236698
4.948830588236698
4.948830588236698
4.948830588236698
4.948830588236698
4.948830588236698
4.948830588236698
4.948830588236698
4.948830588236698
4.948830588236698
4.948830588236698
4.948830588236698
4.948830588236698
4.948830588236698
4.948830588236698
4.948830588236698
4.948830588236698
4.948830588236698
4.948830588236698
4.948830588236698
4.948830588236698
4.948830588236698
4.948830588236698
4.948830588236698
4.948830588236698
4.948830588236698
4.948830588236698
4.948830588236698
4.948830588236698
4.948830588236698
4.948830588236698
4.948830588236698
4.948830588236698
4.948830588236698
4.948830588236698
4.948830588236698
4.948830588236698
4.948830588236698
4.948830588236698
4.948830588236698
4.948830588236698
4.948830588236698
4.948830588236698
4.948830588236698
4.948830588236698
4.948830588236698
4.948830588236698
4.948830588236698
4.948830588236698
4.948830588236698
4.948830588236698
4.948830588236698
4.948830588236698
4.948830588236698
4.948830588236698
4.948830588236698
4.948830588236698
4.948830588236698
4.948830588236698
4.948830588236698
4.948830588236698
4.948830588236698
4.948830588236698
4.948830588236698
4.948830588236698
4.948830588236698
4.948830588236698
4.948830588236698
4.948830588236698
