1.5106196303304813	8.325148791197504	0.3459666321384276
1.9737910747782053	6.985463833059589	0.09876078823086587
0.13889115411967623	6.238503463821878	0.6408815048804399
1.4009643882039313	4.102119809213722	0.36224998508968653
0.37601512148367533	4.7088182002244245	0.2986128377878785
0.4498117912699513	4.496347870534645	0.3243534048343406
1.6204344066591432	5.331459701552017	6.322880956544349
0.37097532204612094	5.719012996686317	7.442300635646745
0.19127170939637494	6.121146020557504	7.665601240090542
0.19127170939637494	6.121146020557504	7.665601240090542
0.4047497199065333	6.121146020557504	10.400391920551929
0.6320446150321004	6.121146020557504	10.429461844592293
0.6320446150321004	6.121146020557504	10.429461844592293
0.6320446150321004	6.121146020557504	10.429461844592293
0.7739872714220155	6.121146020557504	10.50219148426903
0.7739872714220155	6.121146020557504	10.50219148426903
0.8384090945265541	6.942175369670551	10.883027962117371
0.8384090945265541	6.942175369670551	10.883027962117371
0.2783673507313438	7.8264115410896125	11.527053883940336
0.2783673507313438	7.8264115410896125	11.527053883940336
0.2783673507313438	7.8264115410896125	11.527053883940336
0.2783673507313438	7.8264115410896125	11.527053883940336
0.10548882493060319	7.83473908973388	11.223133569851921
0.0423002088446367	7.83473908973388	11.28008084351379
1.5779009686867198	7.83473908973388	11.471758768071634
1.4636439796846616	7.873794373079438	11.466663876134714
0.27713565401748497	3.6742452231370617	1.2932562040893565
0.6413754788474364	4.351397962099677	6.721872027994959
0.2380752874944534	4.632546475103469	0.07820882563877518
0.17209662563749362	5.579592750222334	10.137408390926527
1.9658182002168587	6.342347870446565	11.857338148440707
0.360422508429167	6.944406256765243	12.013838947135685
0.360422508429167	6.944406256765243	12.013838947135685
0.22733981964628924	6.944406256765243	14.96474359087799
0.22733981964628924	6.944406256765243	14.96474359087799
0.2110040109223803	7.2533577821851285	14.947043712692523
0.2110040109223803	7.2533577821851285	14.947043712692523
0.14107919889229947	7.2533577821851285	14.893667119622162
0.14107919889229947	7.2533577821851285	14.893667119622162
1.7308730498367026	7.5414226164593625	15.093996806984787
1.5474578652873845	7.5414226164593625	16.376487732223282
1.8645080351665513	7.516497439840231	16.770983828810678
1.767969059236293	8.291643018033083	16.749726260191842
1.767969059236293	8.291643018033083	16.749726260191842
1.7864770963362275	7.429343017671318	18.98118811450684
1.7466828423586946	7.45442016179706	18.941517987894397
1.7466828423586946	7.45442016179706	18.941517987894397
1.7466828423586946	7.45442016179706	18.941517987894397
1.5097359760200675	8.963749723550672	18.667606569879737
1.149172819408932	9.174809347648287	18.667606569879737
1.149172819408932	9.174809347648287	18.667606569879737
0.5405609162389737	9.415181494103193	18.66906141538437
1.3279714280690769	9.177745912822447	18.515464496461504
1.3279714280690769	9.177745912822447	18.515464496461504
1.3279714280690769	9.177745912822447	18.515464496461504
1.3279714280690769	9.177745912822447	18.515464496461504
1.3279714280690769	9.177745912822447	18.515464496461504
1.3788064104878117	9.640113941541154	18.515464496461504
1.181479479448086	9.69632673201779	18.480201679226404
1.181479479448086	9.69632673201779	18.480201679226404
1.181479479448086	9.69632673201779	18.480201679226404
0.7112561348685347	9.449378362702616	18.480201679226404
1.0926586629450412	9.327017293799654	18.95533075770839
0.7938502055793037	9.050632632564655	18.758569121981864
0.02095965086081719	9.306116929607798	18.91784005471186
0.2883876840244568	9.306116929607798	19.759538694054513
1.439693336408567	9.520060846690962	19.47296581914476
1.439693336408567	9.520060846690962	19.47296581914476
1.439693336408567	9.520060846690962	19.47296581914476
0.842255807408776	10.270225521073938	19.47296581914476
0.842255807408776	10.270225521073938	19.47296581914476
0.842255807408776	10.270225521073938	19.47296581914476
1.773095117762125	9.908753329454258	19.460945095656605
1.526875754412515	9.66191165220387	20.487445002260124
1.7473401147701964	9.94131114678384	20.515478845851305
1.9032179984556308	9.903191470729412	20.63930260741197
1.9032179984556308	9.903191470729412	20.63930260741197
1.9032179984556308	9.903191470729412	20.63930260741197
1.9032179984556308	9.903191470729412	20.63930260741197
1.9032179984556308	9.903191470729412	20.63930260741197
1.9032179984556308	9.903191470729412	20.63930260741197
1.6558257444310982	9.765157279919189	19.951903188388194
1.6558257444310982	9.765157279919189	19.951903188388194
1.2818385408372137	10.138583545461612	19.844328171752835
0.3387078111805124	9.085449714063492	17.219181027093704
0.3387078111805124	9.085449714063492	17.219181027093704
1.9814663173629867	8.080270856092856	22.03636301899154
1.9814663173629867	8.080270856092856	22.03636301899154
1.9225337474125297	8.080270856092856	22.045829287136282
1.8779740671310208	8.565360943962485	21.35207008964794
1.8779740671310208	8.565360943962485	21.35207008964794
1.8247906937029654	8.565360943962485	21.34795330425238
1.8247906937029654	8.565360943962485	21.34795330425238
1.8247906937029654	8.565360943962485	21.34795330425238
1.92602434794523	10.033710223664695	21.34795330425238
1.4331760393401112	8.367685305276911	21.444441951217073
1.226531938445362	9.570976295752793	20.870134015271177
1.6221169547181091	9.88181364462939	20.870134015271177
0.5740711077691287	10.699142738277985	20.59410542985991
0.5740711077691287	10.699142738277985	20.59410542985991
1.3896112315808296	10.228709804217324	19.33271070111834
1.3896112315808296	10.228709804217324	19.33271070111834
1.677791320754551	10.329626590187381	19.69167520650544
1.677791320754551	10.329626590187381	19.69167520650544
0.4280693990236273	10.413443413627643	19.755318905284543
0.4280693990236273	10.413443413627643	19.755318905284543
1.583735059533069	11.231433861045058	19.931123769227487
1.583735059533069	11.231433861045058	19.931123769227487
1.583735059533069	11.231433861045058	19.931123769227487
1.583735059533069	11.231433861045058	19.931123769227487
1.0083813310687901	11.31941123740079	17.708217313395874
1.4645059738820692	10.934605271608838	17.620540778759054
1.7239173856712	10.972258786406272	17.817625400349915
1.7239173856712	10.972258786406272	17.817625400349915
1.3302437090814294	10.920561189149705	18.149254324307815
1.3302437090814294	10.920561189149705	18.149254324307815
0.819596671099788	10.977734259682826	17.63817713340345
1.0309008040609342	11.194054165236867	15.83769756299073
1.6644514110506066	10.82658075732288	15.781779682502997
1.6644514110506066	10.82658075732288	15.781779682502997
1.2896602025872994	10.523751059697794	15.870372521504091
0.5903655168488626	11.097591836452448	16.57238873947043
0.5903655168488626	11.097591836452448	16.57238873947043
0.6036715209982049	10.665913894905358	17.657479044491584
0.6036715209982049	10.665913894905358	17.657479044491584
1.487082927081218	10.547077571569258	17.514507910153682
1.1255811983317585	10.672366187726443	17.19174901137935
1.0398159305375145	10.672366187726443	17.254705711668144
1.914354526245944	10.672366187726443	17.32304076093287
1.914354526245944	10.672366187726443	17.32304076093287
1.1552114055648985	10.486816678808623	17.710031479112683
1.1552114055648985	10.486816678808623	17.710031479112683
1.1552114055648985	10.486816678808623	17.710031479112683
1.1552114055648985	10.486816678808623	17.710031479112683
0.8170047181791631	10.433358751412896	17.550409272187288
0.7518363518245224	10.108204678449798	17.452622599823016
0.46766545625618505	10.108204678449798	17.508948868580518
0.46766545625618505	10.108204678449798	17.508948868580518
1.251303672907767	9.9628822285854	18.757443401091678
1.9121887822111887	10.045981726421434	18.744011361910673
1.458268378452118	9.9628822285854	19.53110885697547
0.3136483301731232	9.260802658407048	19.692460381465853
0.3136483301731232	9.260802658407048	19.692460381465853
0.3136483301731232	9.260802658407048	19.692460381465853
1.9536774573249147	10.901963631169032	21.069166432038532
1.9536774573249147	10.901963631169032	21.069166432038532
1.9536774573249147	10.901963631169032	21.069166432038532
1.7875493973342884	10.901963631169032	21.057664804557096
1.5647740225572306	11.141851438332782	20.808907759166097
1.658803307319772	11.284517603094919	21.109202566360857
1.658803307319772	11.284517603094919	21.109202566360857
1.720745905463815	11.284517603094919	21.142772910124677
1.720745905463815	11.284517603094919	21.142772910124677
1.7185671730497916	11.284517603094919	21.043509257187637
0.7700300088307586	11.103439844466646	22.471957140064948
0.7700300088307586	11.103439844466646	22.471957140064948
0.7700300088307586	11.103439844466646	22.471957140064948
0.7706798654428724	11.103439844466646	22.47400251643472
0.7706798654428724	11.103439844466646	22.47400251643472
1.4667886876071066	11.104865222681404	21.98274164404
1.1431455737842953	11.104865222681404	21.810731190210834
0.7307643691144392	10.923276112954508	21.810731190210834
1.8721804003879186	11.049815466959014	21.35429933868751
1.8721804003879186	11.049815466959014	21.35429933868751
1.457244292361338	10.34674496315617	21.092162184904005
1.457244292361338	10.34674496315617	21.092162184904005
1.0500360746710555	9.975692950243424	21.95666529236602
1.0500360746710555	9.975692950243424	21.95666529236602
1.0714730149165916	10.152579234142472	21.93988319170299
1.0714730149165916	10.152579234142472	21.93988319170299
1.0714730149165916	10.152579234142472	21.93988319170299
1.0714730149165916	10.152579234142472	21.93988319170299
1.7491857669979822	10.152579234142472	23.326041852621437
1.7491857669979822	10.152579234142472	23.326041852621437
0.144066928914782	11.363421439976168	23.879299693898673
1.1114435634855226	11.437643356197718	24.946819487974498
0.7421494345398969	11.81155761853725	25.206896190906154
0.6923709257122539	12.060104351082124	24.34136433077666
1.3342808293585335	11.4985570480791	23.23844879582273
0.03534504222591295	11.430881261028961	23.16294931060359
1.1371719450640967	12.115856371323318	23.152237730461113
1.1756995395641354	11.781190658319215	23.1533125811368
1.1835752089960465	11.781190658319215	23.144358180804335
1.1835752089960465	11.781190658319215	23.144358180804335
1.2270878968442958	10.452555253055987	24.844532278337876
1.2270878968442958	10.452555253055987	24.844532278337876
1.2249772221649664	11.584353035785231	23.460838797789002
1.157749342801651	11.584353035785231	23.463213264245972
1.3516983831187304	11.510727153784718	23.494395174449487
1.3516983831187304	11.510727153784718	23.494395174449487
1.95191915156434	11.510727153784718	23.584194946467754
0.5344704599729369	11.469152588754405	23.328371834282922
0.5344704599729369	11.469152588754405	23.328371834282922
1.8412245103640714	10.931170084239422	22.67798042796382
1.8412245103640714	10.931170084239422	22.67798042796382
0.9403586418475811	10.392488085474326	22.493571002740783
0.9403586418475811	10.392488085474326	22.493571002740783
0.9403586418475811	10.392488085474326	22.493571002740783
0.9403586418475811	10.392488085474326	22.493571002740783
0.5232853254596819	10.95391593314585	22.52421927549359
