11.574303633075955
7.690760475628808
5.87541159013524
4.4054401248571615
4.251080195417291
3.77288381557379
2.6685820672745155
2.1035042991168904
1.1940930125086773
0.4485906926940082
0.40551224856579005
0.3881769724444979
0.22967319089888605
0.22967319089888605
0.22967319089888605
0.22967319089888605
0.22967319089888605
0.22967319089888605
0.22967319089888605
0.22967319089888605
0.22967319089888605
0.22967319089888605
0.22967319089888605
0.22967319089888605
0.22967319089888605
0.22967319089888605
0.22967319089888605
0.22967319089888605
0.22967319089888605
0.22967319089888605
0.22967319089888605
0.22967319089888605
0.22967319089888605
0.22967319089888605
0.22967319089888605
0.22967319089888605
0.22967319089888605
0.22967319089888605
0.22967319089888605
0.22967319089888605
0.22967319089888605
0.22967319089888605
0.22967319089888605
0.22967319089888605
0.22967319089888605
0.22967319089888605
0.22967319089888605
0.22967319089888605
0.22967319089888605
0.22967319089888605
0.22967319089888605
0.22967319089888605
0.22967319089888605
0.22967319089888605
0.22967319089888605
0.22967319089888605
0.22967319089888605
0.22967319089888605
0.22967319089888605
0.22967319089888605
0.22967319089888605
0.22967319089888605
0.22967319089888605
0.22967319089888605
0.22967319089888605
0.22967319089888605
0.22967319089888605
0.22967319089888605
0.22967319089888605
0.22967319089888605
0.22967319089888605
0.22967319089888605
0.22967319089888605
0.22967319089888605
0.22967319089888605
0.22967319089888605
0.22967319089888605
0.22967319089888605
0.22967319089888605
0.22967319089888605
0.22967319089888605
0.22967319089888605
0.22967319089888605
0.22967319089888605
0.22967319089888605
0.22967319089888605
0.22967319089888605
0.22967319089888605
0.22967319089888605
0.22967319089888605
0.22967319089888605
0.22967319089888605
0.22967319089888605
0.22967319089888605
0.22967319089888605
0.22967319089888605
0.22967319089888605
0.22967319089888605
0.22967319089888605
0.22967319089888605
