0.7434109099964701	0.5527774454909054	10.27811527758858
1.5445854531269134	0.047162657135634944	6.09901236536626
1.2176890498704296	0.094431884945255	4.563290655319555
0.3331426715716219	0.14961875132884472	3.922678701956695
0.5167246195933615	0.18010572734003816	3.5542498484838916
0.662620865375402	0.324604563373148	2.78565838682524
0.3244337749636941	0.1264962247725503	2.217652067538271
0.27226273735844586	0.5568982755239933	1.2743432862344513
0.4909804744231536	0.021472923926310727	0.6816396141592129
0.3055802911628831	0.09242338304855835	0.05058701848256675
0.17081210070021768	0.030342886657605206	0.20435726120796716
0.20413741719350753	0.09242338304855835	0.09161617220243201
0.1312141320673419	0.019771814688663625	0.07868724414288053
1.1290303067999758	0.7820680297944378	0.11164787263357212
1.0650270447306696	0.9499061969133553	0.1620137658483749
1.4740094895584548	0.8390232130341158	1.2276556257415514
1.7158343315729212	0.40700271764617924	6.814413013902314
0.5486514978164223	7.54562902871521	10.547787482263434
0.5946017472966503	6.28282284779795	10.77090826167709
0.5268786032570745	6.28282284779795	10.785533438797156
0.5268786032570745	6.28282284779795	10.785533438797156
0.5268786032570745	6.28282284779795	10.785533438797156
0.5268786032570745	6.28282284779795	10.785533438797156
0.1794037637303063	6.3283046667883145	10.50530175799101
0.1794037637303063	6.3283046667883145	10.50530175799101
0.6127478850908119	6.3283046667883145	10.493567889528787
0.48092221179337	6.391364817910704	11.736289862770189
0.5880416463959648	6.391364817910704	11.852825075586932
0.5880416463959648	6.391364817910704	11.852825075586932
0.9445653773682636	6.309747742794466	11.853012753333577
0.9445653773682636	6.309747742794466	11.853012753333577
0.7914141040195943	6.309747742794466	11.30243475956307
1.9725603147208233	6.309747742794466	12.474466183175224
1.845120778939588	6.320660274175003	12.593546014235088
1.8878244294074307	6.320660274175003	12.568041464102372
1.8878244294074307	6.320660274175003	12.568041464102372
1.0361198871608792	5.737176282343382	13.352141311484434
1.0857255097941447	5.883150655100442	13.973412281515014
0.6122167018445168	5.876592250368743	14.856737403455956
0.6122167018445168	5.876592250368743	14.856737403455956
0.7281187014655472	5.9412183542244446	14.855999269518694
0.7509861955319366	5.9412183542244446	14.986928200988917
0.9984162918294146	5.922575698236114	15.135012958650389
0.25710377830210973	5.402361898214247	16.34389652450564
0.5199124714968093	5.298567130546269	17.49350139808465
0.345047882257262	5.34088119725053	18.02901364819439
0.345047882257262	5.34088119725053	18.02901364819439
1.9675696704000813	5.3157658294551435	18.011325895605562
1.6661603226366708	5.3157658294551435	17.38966758240964
1.6661603226366708	5.3157658294551435	17.38966758240964
1.4280004254430025	5.314155436050026	20.443570482695606
0.9512484211147694	5.300804152962684	20.687378154143182
0.9512484211147694	5.300804152962684	20.687378154143182
1.9936034062036754	5.300804152962684	20.41532706087954
1.9936034062036754	5.300804152962684	20.41532706087954
1.9936034062036754	5.300804152962684	20.41532706087954
1.9936034062036754	5.300804152962684	20.41532706087954
1.9936034062036754	5.300804152962684	20.41532706087954
1.9936034062036754	5.300804152962684	20.41532706087954
0.33279841934344745	4.967869462559818	20.823591430361834
0.33279841934344745	4.967869462559818	20.823591430361834
0.6515410087530142	5.218619991910579	19.76982518439513
0.35936558053094814	5.218619991910579	19.687443827047183
1.9691872393863434	5.218619991910579	19.447228804286972
0.4008936581591911	4.438198722775182	21.213424241250234
1.1873817480133084	4.568188055577641	21.344681558527082
1.231015226791584	5.040303629572646	21.344681558527082
1.231015226791584	5.040303629572646	21.344681558527082
1.4797281471934127	5.040303629572646	21.24194814653875
1.4797281471934127	5.040303629572646	21.24194814653875
1.4797281471934127	5.040303629572646	21.24194814653875
1.2399065546083534	5.293096265154773	21.237889144112454
0.4839344468133504	5.324221957407573	21.01666982760492
0.4839344468133504	5.324221957407573	21.01666982760492
1.694755114791974	5.262319483192215	21.20989323422332
1.3329275917195673	5.473325418304579	20.926954318864244
1.3329275917195673	5.473325418304579	20.926954318864244
1.3329275917195673	5.473325418304579	20.926954318864244
1.47058707331513	5.566146854222829	20.94569926812807
1.47058707331513	5.566146854222829	20.94569926812807
1.8463707444790884	5.667397829413964	21.04859246270645
1.6700898581608214	5.509877973853225	20.970643881703324
1.6700898581608214	5.509877973853225	20.970643881703324
1.6700898581608214	5.509877973853225	20.970643881703324
1.4213181367547634	5.840859269273304	21.032862712701235
0.958236211169492	5.661049128177618	20.8119886277717
0.958236211169492	5.661049128177618	20.8119886277717
1.4372411293110758	5.642466274488557	21.478345171592505
0.3261429409183165	5.786828013910679	20.755948593831533
0.3261429409183165	5.786828013910679	20.755948593831533
0.3261429409183165	5.786828013910679	20.755948593831533
1.8294092150390213	6.850242123688705	20.69001017784392
1.5524739446305205	6.850242123688705	20.150077369232203
0.9513530448521976	6.850242123688705	20.160858168703843
0.9513530448521976	6.850242123688705	20.160858168703843
1.7308117796112583	6.782319085757422	20.626296381056445
1.7591470186542892	6.697262117939324	20.631313186361606
1.7591470186542892	6.697262117939324	20.631313186361606
1.4795109912074906	6.769713339962758	19.516293506290726
1.6629803472289097	6.760479216535108	19.457188314053642
